[2,0,0],[1,0,11],[0,-1,191],[1,1,11],[2,1,3],
[2,0,0],[1,0,12],[0,-1,192],[1,1,12],[2,1,3],
[2,0,0],[1,0,12],[0,-1,193],[1,1,12],[2,1,3],
[2,0,0],[1,0,12],[0,-1,194],[1,1,12],[2,1,3],
[2,0,0],[1,0,12],[0,-1,195],[1,1,12],[2,1,3],
[2,0,0],[1,0,12],[0,-1,196],[1,1,12],[2,1,3],
[2,0,0],[1,0,12],[0,-1,197],[1,1,12],[2,1,3],
[2,0,0],[1,0,12],[0,-1,198],[1,1,12],[2,1,3],
[2,0,0],[1,0,12],[0,-1,199],[1,1,12],[2,1,3],
[2,0,0],[1,0,12],[0,-1,200],[1,1,12],[2,1,3],
[2,0,0],[1,0,12],[0,-1,201],[1,1,12],[2,1,3],
[2,0,0],[1,0,12],[0,-1,202],[1,1,12],[2,1,3],
[2,0,0],[1,0,12],[0,-1,203],[1,1,12],[2,1,3],
[2,0,0],[1,0,12],[0,-1,204],[1,1,12],[2,1,3],
[2,0,0],[1,0,12],[0,-1,205],[1,1,12],[2,1,3],
[2,0,0],[1,0,12],[0,-1,206],[1,1,12],[2,1,3],
[2,0,0],[1,0,12],[0,-1,207],[1,1,12],[2,1,3],
[2,0,0],[1,0,13],[0,-1,208],[1,1,13],[2,1,3],
[2,0,0],[1,0,13],[0,-1,209],[1,1,13],[2,1,3],
[2,0,0],[1,0,13],[0,-1,210],[1,1,13],[2,1,3],
[2,0,0],[1,0,13],[0,-1,211],[1,1,13],[2,1,3],
[2,0,0],[1,0,13],[0,-1,212],[1,1,13],[2,1,3],
[2,0,0],[1,0,13],[0,-1,213],[1,1,13],[2,1,3],
[2,0,0],[1,0,13],[0,-1,214],[1,1,13],[2,1,3],
[2,0,0],[1,0,13],[0,-1,215],[1,1,13],[2,1,3],
[2,0,0],[1,0,13],[0,-1,216],[1,1,13],[2,1,3],
[2,0,0],[1,0,13],[0,-1,217],[1,1,13],[2,1,3],
[2,0,0],[1,0,13],[0,-1,218],[1,1,13],[2,1,3],
[2,0,0],[1,0,13],[0,-1,219],[1,1,13],[2,1,3],
[2,0,0],[1,0,13],[0,-1,220],[1,1,13],[2,1,3],
[2,0,0],[1,0,13],[0,-1,221],[1,1,13],[2,1,3],
[2,0,0],[1,0,13],[0,-1,222],[1,1,13],[2,1,3],
